// CivNexus6 CN6 - Exported from Blender for import to CivNexus6
skeleton
0 "KeQing_arm" -1 0.00000000 0.00000000 0.00000000 0.00000000 0.00000000 0.00000000 1.00000000 1.00000000 0.00000000 0.00000000 0.00000000 0.00000000 1.00000000 0.00000000 0.00000000 0.00000000 0.00000000 1.00000000 0.00000000 0.00000000 0.00000000 0.00000000 1.00000000
1 "Accessories1_3" 0 -2.52962518 -0.74902666 11.80629063 0.70710683 0.00000003 0.70710683 0.00000003 -0.00000000 -0.00000000 1.00000000 -0.00000000 -0.00000000 -1.00000000 0.00000000 0.00000000 1.00000000 -0.00000000 -0.00000000 -0.00000000 -11.80629063 -0.74902666 2.52962518 1.00000000
2 "ControlNode" 0 0.00000000 0.00000000 0.34620112 0.70710683 0.00000003 0.70710683 0.00000003 -0.00000000 -0.00000000 1.00000000 -0.00000000 0.00000000 -1.00000000 -0.00000000 0.00000000 1.00000000 -0.00000000 0.00000000 -0.00000000 -0.34620112 0.00000000 -0.00000000 1.00000000
3 "ParentNode" 0 0.00000000 0.00000000 0.34620112 0.70710683 0.00000003 0.70710683 0.00000003 -0.00000000 -0.00000000 1.00000000 -0.00000000 0.00000000 -1.00000000 -0.00000000 0.00000000 1.00000000 -0.00000000 0.00000000 -0.00000000 -0.34620112 0.00000000 -0.00000000 1.00000000
4 "Center" 3 8.38805199 0.00000063 0.00000000 0.00000000 -0.00000004 1.00000000 0.00000000 -0.00000000 -0.00000009 1.00000000 -0.00000000 0.00000000 1.00000000 0.00000009 -0.00000000 -1.00000000 -0.00000000 0.00000000 -0.00000000 8.73425293 0.00000000 -0.00000000 1.00000000
5 "LeftLegIKParent" 3 -0.90632153 -0.13901681 0.61070800 0.00000000 0.00000000 -0.00000000 1.00000000 -0.00000000 -0.00000000 1.00000000 -0.00000000 0.00000000 -1.00000000 -0.00000000 0.00000000 1.00000012 -0.00000000 0.00000000 -0.00000000 0.56012046 0.13901673 -0.61070800 1.00000000
6 "RightLegIKParent" 3 -0.90632153 -0.13901681 -0.61070800 0.00000000 0.00000000 -0.00000000 1.00000000 -0.00000000 -0.00000000 1.00000000 -0.00000000 0.00000000 -1.00000000 -0.00000000 0.00000000 1.00000012 -0.00000000 -0.00000000 -0.00000000 0.56012046 0.13901673 0.61070800 1.00000000
7 "Center2" 4 0.00000000 0.00000000 0.00000000 0.00000004 0.00000000 0.00000000 1.00000000 -0.00000000 -0.00000000 1.00000000 -0.00000000 0.00000000 1.00000000 -0.00000000 0.00000000 -1.00000000 -0.00000000 0.00000000 -0.00000000 8.73425293 0.00000000 -0.00000000 1.00000000
8 "LeftLegIK" 5 1.76768970 0.00000014 0.00000000 0.08891922 0.08891922 0.90088683 0.41543922 0.08633130 0.23409335 0.96837354 -0.00000000 -0.76434064 0.63900715 -0.08633128 0.00000000 -0.63900727 -0.73271418 0.23409343 -0.00000000 0.82517838 0.65300769 -0.86207592 1.00000000
9 "RightLegIK" 6 1.76768970 0.00000014 0.00000000 -0.08891923 -0.08891923 0.90088677 0.41543937 -0.08633113 -0.23409347 0.96837354 -0.00000000 -0.76434100 0.63900739 0.08633120 0.00000000 -0.63900691 -0.73271447 -0.23409332 -0.00000000 0.82517815 0.65300792 0.86207587 1.00000000
10 "Groove" 7 0.00000000 0.00000000 0.00000000 0.00000000 -0.00000004 1.00000000 0.00000000 -0.00000000 -0.00000009 1.00000000 -0.00000000 0.00000000 -1.00000000 -0.00000009 0.00000000 1.00000024 -0.00000000 0.00000000 -0.00000000 -8.73425484 0.00000000 -0.00000000 1.00000000
11 "LeftToeTipIK" 8 1.50471342 0.00000015 -0.00000003 -0.08872751 0.08911055 0.41737869 0.89998990 -0.00000003 -0.00000007 1.00000000 -0.00000000 0.00430772 0.99999058 -0.00000006 -0.00000000 -0.99999070 0.00430778 -0.00000002 -0.00000000 0.25039968 1.01002765 -0.74061185 1.00000000
12 "RightToeTipIK" 9 1.50471354 0.00000022 0.00000000 0.08872745 -0.08911050 0.41737890 0.89998978 -0.00000013 -0.00000015 1.00000012 -0.00000000 0.00430823 0.99999124 -0.00000009 -0.00000000 -0.99999088 0.00430775 -0.00000003 -0.00000000 0.25040016 1.01002824 0.74061185 1.00000000
13 "Groove2" 10 0.00000000 0.00000000 0.00000000 0.00000004 0.00000000 0.00000000 1.00000000 -0.00000000 -0.00000000 1.00000000 -0.00000000 0.00000000 -1.00000000 -0.00000000 0.00000000 1.00000024 -0.00000000 0.00000000 -0.00000000 -8.73425484 0.00000000 -0.00000000 1.00000000
14 "Waist" 13 2.79073811 -0.13106483 0.00000000 0.00000000 0.00000000 0.36423901 0.93130553 -0.00000000 -0.00000000 1.00000000 -0.00000000 -0.67843562 -0.73465985 -0.00000000 0.00000000 0.73466003 -0.67843580 0.00000000 -0.00000000 -8.37802982 7.91525412 -0.00000000 1.00000000
15 "LowerBody" 14 1.13145947 0.08559579 0.01213590 0.00000000 0.00000000 0.97432631 0.22514053 -0.00000000 -0.00000000 1.00000000 -0.00000000 0.28734756 0.95782697 -0.00000000 0.00000000 -0.95782661 0.28734821 0.00000000 -0.00000000 11.98048496 -2.86390972 -0.01213590 1.00000000
16 "UpperBody" 14 1.24638748 -0.02572972 0.00000150 -0.00000013 -0.00000006 -0.30599552 0.95203292 0.00000019 -0.00000021 1.00000000 -0.00000000 -0.12334833 -0.99236345 -0.00000019 0.00000000 0.99236369 -0.12334839 -0.00000021 -0.00000000 -12.44878674 0.84637505 0.00000101 1.00000000
17 "Accessories1_1" 16 0.82893270 -0.01957680 -1.08215010 0.38330191 0.33860838 -0.85187697 0.11282563 -0.72945976 -0.49041247 0.47684810 -0.00000000 0.01712644 0.68380922 0.72946000 0.00000000 -0.68380970 0.54027843 -0.49041253 -0.00000000 8.30708408 -7.17498159 7.59808016 1.00000000
18 "LeftLeg" 15 0.97099984 -0.06694460 0.94550711 -0.01388888 0.01866706 -0.14035811 0.98982739 -0.03305551 -0.03273533 0.99891728 -0.00000000 0.00918654 0.99941176 0.03305554 0.00000000 -0.99941164 0.01027001 -0.03273531 -0.00000000 11.37830162 0.39905801 -0.56908029 1.00000000
19 "LeftLegD" 15 0.97099984 -0.06694460 0.94550711 0.00000000 0.00000000 0.98940045 0.14521317 -0.00000000 0.00000000 1.00000000 -0.00000000 0.00000039 -0.99999952 -0.00000000 0.00000000 1.00000036 -0.00000003 0.00000000 -0.00000000 -11.34887600 -0.48454675 -0.95764303 1.00000000
20 "RightLeg" 15 0.97099787 -0.06694439 -0.96977895 0.01400545 -0.01882374 -0.15370326 0.98783845 0.03288426 0.03345678 0.99889904 -0.00000000 -0.01779950 0.99930125 -0.03288428 0.00000000 -0.99930114 -0.01669777 0.03345676 -0.00000000 11.36380863 0.70574951 0.56095815 1.00000000
21 "RightLegD" 15 0.97099787 -0.06694439 -0.96977895 0.00000000 0.00000000 0.98940039 0.14521314 -0.00000000 -0.00000000 1.00000000 -0.00000000 0.00000021 -0.99999881 -0.00000000 0.00000000 1.00000036 0.00000003 -0.00000000 -0.00000000 -11.34887695 -0.48454732 0.95764303 1.00000000
22 "Skirt_0_0" 15 -0.64354599 -0.83565807 -0.01213585 0.00000000 0.00000000 -0.29682496 0.95493191 0.00000000 -0.00000000 1.00000000 -0.00000000 -0.30627349 0.95194411 -0.00000000 0.00000000 -0.95194417 -0.30627272 0.00000000 -0.00000000 11.54935551 5.48564816 -0.00000005 1.00000000
23 "Skirt_0_1" 15 -0.63316822 -0.71525383 0.67942047 0.11315959 -0.15208979 -0.26069221 0.94662726 0.22894508 0.29353717 0.92812729 -0.00000000 -0.27071351 0.93503988 -0.22894533 0.00000000 -0.93503988 -0.19883993 0.29353699 -0.00000000 11.29176903 3.78680086 -4.72814226 1.00000000
24 "Skirt_0_10" 15 -0.58621705 -0.39223111 -1.20994663 -0.19118741 0.25696152 -0.16793518 0.93231750 -0.41492534 -0.44280055 0.79483634 0.00000000 -0.16085057 0.89552504 0.41492563 0.00000000 -0.89552504 0.04431394 -0.44280028 -0.00000000 10.71817493 0.01839688 7.11240673 1.00000000
25 "Skirt_0_11" 15 -0.63316828 -0.71525407 -0.70369202 -0.11315966 0.15208991 -0.26069206 0.94662732 -0.22894527 -0.29353729 0.92812717 -0.00000000 -0.27071333 0.93503988 0.22894554 0.00000000 -0.93503982 -0.19883966 -0.29353720 -0.00000000 11.29176903 3.78679752 4.72814512 1.00000000
26 "Skirt_0_2" 15 -0.58621693 -0.39223075 1.18567491 0.19118746 -0.25696158 -0.16793513 0.93231761 0.41492537 0.44280052 0.79483628 -0.00000000 -0.16085045 0.89552504 -0.41492572 0.00000000 -0.89552498 0.04431411 0.44280034 -0.00000000 10.71817493 0.01839431 -7.11240768 1.00000000
27 "Skirt_0_3" 15 -0.47806993 0.03500348 1.37097681 0.20306383 -0.27292374 -0.07524857 0.93734485 0.48108679 0.42175585 0.76855546 -0.00000000 0.00000015 0.87667340 -0.48108721 0.00000000 -0.87667340 0.23144540 0.42175555 -0.00000000 10.52632236 -2.83377695 -6.83363199 1.00000000
28 "Skirt_0_4" 15 -0.30263048 0.49774745 1.18567491 0.14316586 -0.19241916 0.02746878 0.97042459 0.38132170 0.26729232 0.88495684 -0.00000000 0.26392803 0.88596660 -0.38132197 0.00000000 -0.88596630 0.37897184 0.26729205 -0.00000000 10.90425396 -4.87053967 -4.58099413 1.00000000
29 "Skirt_0_5" 15 -0.14198181 0.82623297 0.67942029 0.06964428 -0.09360396 0.07109682 0.99062264 0.19535540 0.12467249 0.97277606 -0.00000000 0.40183890 0.89463007 -0.19535553 0.00000000 -0.89462954 0.42906359 0.12467236 -0.00000000 11.18070412 -5.56888437 -2.24253106 1.00000000
30 "Skirt_0_6" 15 -0.07637307 0.94429809 -0.01213608 0.00000000 0.00000000 0.08154721 0.99666947 -0.00000000 -0.00000000 1.00000000 -0.00000000 0.43922183 0.89837927 -0.00000000 0.00000000 -0.89837885 0.43922243 0.00000000 -0.00000000 11.27747345 -5.71741629 0.00000018 1.00000000
31 "Skirt_0_7" 15 -0.14198184 0.82623285 -0.70369226 -0.06964427 0.09360398 0.07109673 0.99062264 -0.19535540 -0.12467249 0.97277600 -0.00000000 0.40183878 0.89463013 0.19535553 0.00000000 -0.89462972 0.42906344 -0.12467241 -0.00000000 11.18070698 -5.56888247 2.24253201 1.00000000
32 "Skirt_0_8" 15 -0.30263060 0.49774703 -1.20994675 -0.14316601 0.19241932 0.02746882 0.97042453 -0.38132206 -0.26729253 0.88495666 -0.00000000 0.26392791 0.88596648 0.38132235 0.00000000 -0.88596606 0.37897199 -0.26729226 -0.00000000 10.90425205 -4.87054157 4.58099699 1.00000000
33 "Skirt_0_9" 15 -0.47807002 0.03500313 -1.39524853 -0.20306389 0.27292374 -0.07524852 0.93734485 -0.48108682 -0.42175594 0.76855540 -0.00000000 0.00000021 0.87667340 0.48108730 0.00000000 -0.87667346 0.23144552 -0.42175555 -0.00000000 10.52632236 -2.83377790 6.83363247 1.00000000
34 "UpperBody2" 16 0.67656136 -0.00000006 0.00000000 -0.00000047 -0.00000038 -0.18396939 0.98293209 0.00000116 -0.00000091 1.00000000 -0.00000000 0.24389800 -0.96980089 -0.00000116 0.00000000 0.96980113 0.24389803 -0.00000091 -0.00000000 -12.54299831 -3.95781279 0.00000938 1.00000000
35 "_shadow_LeftLegD" 15 0.97099984 -0.06694460 0.94550711 0.00000000 0.00000000 0.98940045 0.14521317 -0.00000000 0.00000000 1.00000000 -0.00000000 0.00000039 -0.99999952 -0.00000000 0.00000000 1.00000036 -0.00000003 0.00000000 -0.00000000 -11.34887600 -0.48454675 -0.95764303 1.00000000
36 "_shadow_RightLegD" 15 0.97099787 -0.06694439 -0.96977895 0.00000000 0.00000000 0.98940039 0.14521314 -0.00000000 -0.00000000 1.00000000 -0.00000000 0.00000021 -0.99999881 -0.00000000 0.00000000 1.00000036 0.00000003 -0.00000000 -0.00000000 -11.34887695 -0.48454732 0.95764303 1.00000000
37 "Accessories1_2" 17 1.00118721 -0.00000024 -0.00000048 0.04036105 -0.02725024 -0.03073283 0.99834061 -0.67106372 -0.49181905 0.55478591 -0.00000000 0.01148373 0.74131060 0.67106408 0.00000000 -0.74131095 0.45669782 -0.49181896 -0.00000000 8.13187218 -6.08076382 7.71260309 1.00000000
38 "LeftBreastUpper2" 34 1.62503815 1.16059601 0.62310052 -0.00000051 0.00000052 -0.99242157 0.12287999 -0.00000003 0.00000000 1.00000000 0.00000000 -0.00000106 0.99999577 0.00000000 0.00000000 -1.00000024 0.00000003 -0.00000003 -0.00000000 14.98854065 1.50827587 -0.62310249 1.00000000
39 "LeftKnee" 18 4.97648430 0.00000039 0.00000005 -0.00104452 -0.00063265 0.05101736 0.99869704 -0.03506343 -0.03134504 0.99889338 -0.00000000 0.11102011 0.99319994 0.03506343 0.00000000 -0.99319971 0.11212744 -0.03134504 -0.00000000 6.40849400 -0.25414422 -0.57704371 1.00000000
40 "LeftKneeD" 19 -4.97355366 -0.04572044 -0.16450024 0.00000000 0.00000000 -0.00000001 1.00000000 -0.00000000 -0.00000000 1.00000000 -0.00000000 0.00000042 -0.99999952 -0.00000000 0.00000000 1.00000036 0.00000000 0.00000000 -0.00000000 -6.37532187 -0.43882686 -0.79314280 1.00000000
41 "LeftShoulder" 34 2.76900101 -0.11779144 0.21211095 -0.31670174 -0.61436546 -0.53420901 0.48669896 0.93639159 0.34812319 0.04450896 -0.00000000 0.04747896 0.00000005 -0.99887246 0.00000000 -0.34773073 0.93744892 -0.01652845 -0.00000000 5.29021025 -14.87256145 0.26197752 1.00000000
42 "LeftTailRibbon_0_1" 34 0.58615303 -0.66211206 0.55500901 -0.05088497 -0.06526563 -0.91068232 0.40473309 0.14551027 0.07768431 0.98630202 -0.00000000 0.54573333 0.82522804 -0.14551024 0.00000000 -0.82522833 0.55943137 0.07768431 -0.00000000 11.08664894 -7.62079477 -1.59810805 1.00000000
43 "Liusu_0_1" 34 2.12150908 -0.90502518 -0.00000492 -0.00000052 0.00000052 -0.99242151 0.12288014 -0.00000000 -0.00000000 1.00000000 -0.00000000 -0.00000016 1.00000048 0.00000000 0.00000000 -1.00000024 -0.00000025 -0.00000000 -0.00000000 14.96622086 -0.61604410 0.00000000 1.00000000
44 "Neck" 34 3.17374730 0.00000028 -0.00000000 -0.00000035 -0.00000069 0.20284362 0.97921115 0.00000192 -0.00000226 1.00000000 -0.00000000 -0.16142935 -0.98688430 -0.00000192 0.00000000 0.98688447 -0.16142944 -0.00000226 -0.00000000 -15.99565220 2.61141133 0.00003126 1.00000000
45 "RightBreastUpper2" 34 1.62504637 1.16059911 -0.62304038 -0.00000051 0.00000052 -0.99242151 0.12288028 -0.00000003 -0.00000000 1.00000000 0.00000000 0.00000021 1.00000119 -0.00000000 -0.00000000 -1.00000024 -0.00000004 -0.00000003 -0.00000000 14.98855400 1.50828457 0.62303841 1.00000000
46 "RightKnee" 20 4.97648573 0.00000034 -0.00000002 0.00119867 0.00136685 0.07733913 0.99700320 0.03511310 0.03058404 0.99891526 -0.00000000 0.13660724 0.99000341 -0.03511310 0.00000000 -0.99000317 0.13769272 0.03058404 -0.00000000 6.41830349 -0.28623402 0.57800972 1.00000000
47 "RightKneeD" 21 -4.97300386 0.08857457 0.16364801 0.00000000 0.00000000 0.00000001 1.00000000 -0.00000000 0.00000000 1.00000000 -0.00000000 0.00000018 -0.99999881 -0.00000000 0.00000000 1.00000036 -0.00000000 0.00000000 -0.00000000 -6.37587309 -0.57312208 0.79399502 1.00000000
48 "RightShoulder" 34 2.76900077 -0.11779146 -0.21211080 -0.48670021 0.53420675 0.61436498 0.31670451 -0.93639493 0.34811473 -0.04450911 -0.00000000 0.04747865 -0.00000018 -0.99887228 0.00000000 -0.34772220 -0.93745220 -0.01652789 -0.00000000 5.29008532 14.87260914 0.26196939 1.00000000
49 "RightTailRibbon_0_1" 34 0.58615172 -0.66211098 -0.55501485 0.05088430 0.06526691 -0.91068226 0.40473309 -0.14551035 -0.07768425 0.98630220 -0.00000000 0.54573375 0.82522821 0.14551033 0.00000000 -0.82522833 0.55943173 -0.07768434 -0.00000000 11.08664703 -7.62080002 1.59810853 1.00000000
50 "Skirt_1_0" 22 0.52543914 0.00000012 0.00000000 0.00000000 0.00000000 0.00000021 1.00000000 0.00000000 -0.00000000 1.00000000 -0.00000000 -0.30627310 0.95194423 -0.00000000 0.00000000 -0.95194429 -0.30627233 0.00000000 -0.00000000 11.02391815 5.48564339 -0.00000005 1.00000000
51 "Skirt_1_1" 23 0.51173341 -0.00000021 0.00000030 -0.00006914 0.00012929 0.00030807 0.99999994 0.22888584 0.29326776 0.92822707 -0.00000000 -0.27007812 0.93523806 -0.22888593 0.00000000 -0.93523812 -0.19830434 0.29326773 -0.00000000 10.78358841 3.78081131 -4.72483110 1.00000000
52 "Skirt_1_10" 24 0.48906249 0.00000050 -0.00000024 0.00024627 -0.00048478 0.00054827 0.99999970 -0.41463947 -0.44195411 0.79545647 0.00000000 -0.15946625 0.89590502 0.41463977 0.00000000 -0.89590496 0.04507821 -0.44195390 -0.00000000 10.23601818 0.01067747 7.10247946 1.00000000
53 "Skirt_1_11" 25 0.51173413 0.00000034 0.00000048 0.00006937 -0.00012943 0.00030769 0.99999994 -0.22888556 -0.29326761 0.92822713 -0.00000000 -0.27007857 0.93523788 0.22888580 0.00000000 -0.93523794 -0.19830491 -0.29326755 -0.00000000 10.78358650 3.78081799 4.72482920 1.00000000
54 "Skirt_1_2" 26 0.48906419 0.00000014 -0.00000042 -0.00024634 0.00048480 0.00054818 0.99999970 0.41463929 0.44195402 0.79545635 -0.00000000 -0.15946621 0.89590490 -0.41463968 0.00000000 -0.89590478 0.04507819 0.44195384 -0.00000000 10.23601818 0.01067699 -7.10247850 1.00000000
55 "Skirt_1_3" 27 0.48705697 -0.00000012 0.00000042 -0.00000014 -0.00000024 -0.00000052 1.00000000 0.48108673 0.42175615 0.76855540 -0.00000000 -0.00000098 0.87667358 -0.48108694 0.00000000 -0.87667352 0.23144439 0.42175606 -0.00000000 10.03926563 -2.83376479 -6.83363819 1.00000000
56 "Skirt_1_4" 28 0.53216046 0.00000018 0.00000017 -0.00013859 0.00034548 0.00034368 0.99999988 0.38089365 0.26678503 0.88529420 -0.00000000 0.26480031 0.88589054 -0.38089374 0.00000000 -0.88589013 0.37950677 0.26678503 -0.00000000 10.37190723 -4.87639999 -4.57517815 1.00000000
57 "Skirt_1_5" 29 0.59971970 0.00000063 0.00000013 -0.00002628 0.00007035 0.00013401 1.00000000 0.19525194 0.12456902 0.97281003 -0.00000000 0.40210617 0.89453262 -0.19525196 0.00000000 -0.89453208 0.42929679 0.12456905 -0.00000000 10.57980728 -5.57160282 -2.24133539 1.00000000
58 "Skirt_1_6" 30 0.63136452 0.00000009 0.00000000 0.00000000 0.00000000 0.00000015 1.00000000 -0.00000000 -0.00000000 1.00000000 -0.00000000 0.43922210 0.89837909 -0.00000000 0.00000000 -0.89837873 0.43922266 0.00000000 -0.00000000 10.64610672 -5.71741915 0.00000018 1.00000000
59 "Skirt_1_7" 31 0.59972054 0.00000048 -0.00000012 0.00002636 -0.00007054 0.00013420 1.00000000 -0.19525160 -0.12456881 0.97281015 -0.00000000 0.40210646 0.89453262 0.19525166 0.00000000 -0.89453220 0.42929700 -0.12456883 -0.00000000 10.57980919 -5.57160378 2.24133301 1.00000000
60 "Skirt_1_8" 32 0.53216195 -0.00000024 -0.00000040 0.00013846 -0.00034538 0.00034388 0.99999988 -0.38089433 -0.26678532 0.88529384 -0.00000000 0.26480052 0.88589025 0.38089442 0.00000000 -0.88588977 0.37950739 -0.26678535 -0.00000000 10.37190151 -4.87640762 4.57518196 1.00000000
61 "Skirt_1_9" 33 0.48705792 0.00000024 -0.00000054 0.00000020 0.00000021 -0.00000053 1.00000000 -0.48108670 -0.42175618 0.76855540 0.00000000 -0.00000092 0.87667364 0.48108697 0.00000000 -0.87667346 0.23144440 -0.42175603 -0.00000000 10.03926563 -2.83376455 6.83363819 1.00000000
62 "TitsAdjustment" 34 1.76261151 0.26697713 -0.00000344 0.00000052 0.00000052 0.12288023 0.99242151 0.00000000 0.00000000 1.00000000 -0.00000000 0.00000003 -1.00000000 0.00000000 0.00000000 1.00000024 0.00000001 -0.00000000 -0.00000000 -14.90400982 -0.60809600 0.00000000 1.00000000
63 "_dummy_LeftLegD" 18 0.00000136 0.00000004 0.00000008 -0.01645362 -0.01642576 0.99971789 0.00486522 -0.00000607 0.00010611 0.99983114 -0.00000000 -0.00000115 -0.99998391 0.00000022 0.00000000 1.00000024 0.00000000 0.00000000 -0.00000000 -11.34886932 -0.48464110 -0.95748132 1.00000000
64 "_dummy_RightLegD" 20 0.00000056 0.00000006 0.00000001 -0.01659110 -0.01661777 -0.99968702 0.00862626 0.00000455 0.00010896 0.99989116 -0.00000000 0.00000302 -0.99997342 0.00000017 0.00000000 1.00000012 -0.00000001 -0.00000000 -0.00000000 -11.34886742 -0.48443019 0.95753890 1.00000000
65 "_shadow_LeftKneeD" 18 4.97648430 0.00000039 0.00000005 -0.01645223 -0.01645481 0.99971741 0.00486575 0.00000059 -0.00000999 1.00001621 -0.00000000 0.00000093 -1.00000203 0.00000026 0.00000000 1.00000048 0.00000000 -0.00000000 -0.00000000 -6.37532187 -0.43881989 -0.79315549 1.00000000
66 "_shadow_RightKneeD" 20 4.97648573 0.00000034 -0.00000002 -0.01659109 -0.01661775 -0.99968708 0.00862626 0.00000454 0.00010882 0.99989128 -0.00000000 0.00000302 -0.99997342 0.00000023 0.00000000 1.00000012 -0.00000000 -0.00000000 -0.00000000 -6.37586498 -0.57302099 0.79390883 1.00000000
67 "Head" 44 0.84880990 0.00000019 -0.00000000 0.00000105 0.00000105 -0.08098065 0.99671572 -0.00000000 0.00000000 1.00000000 -0.00000000 0.00000004 -1.00000012 0.00000000 0.00000000 1.00000024 0.00000000 0.00000000 -0.00000000 -17.04509354 -0.14203075 -0.00000696 1.00000000
68 "LeftAnkle" 39 5.20707941 0.00000038 -0.00000005 0.10614522 -0.10229003 -0.46587119 0.87248725 0.08655794 0.23544265 0.96802604 -0.00000000 -0.76567578 0.63737690 -0.08655803 0.00000000 -0.63737744 -0.73370129 0.23544267 -0.00000000 0.82096523 0.65060306 -0.86237913 1.00000000
69 "LeftAnkleD" 40 -5.17166758 -0.57809389 -0.18257803 0.00000000 0.00000000 0.00000000 1.00000000 -0.00000000 -0.00000000 1.00000000 -0.00000000 0.00000042 -0.99999952 -0.00000000 0.00000000 1.00000036 0.00000000 0.00000000 -0.00000000 -1.20365429 0.13926664 -0.61056477 1.00000000
70 "LeftArm" 41 1.12463593 0.00000033 0.00000003 0.00738459 -0.01298421 -0.21585013 0.97631228 0.70301533 0.71102297 0.01469497 -0.00000000 0.02089835 0.00000005 -0.99978203 0.00000000 -0.71086788 0.70316905 -0.01485914 -0.00000000 10.05307388 -11.72494888 0.27405754 1.00000000
71 "LeftBreastLower" 62 -0.75018984 0.03640326 0.56314999 -0.42459476 -0.42459491 0.51036537 0.61560190 0.08936577 -0.95615977 0.27887699 -0.00000000 -0.98892528 -0.11849289 -0.08936574 0.00000000 0.11849289 -0.26780230 -0.95615995 -0.00000000 -2.36481428 4.25251770 13.31866646 1.00000000
72 "LeftBreastTip" 38 0.77931768 -0.01460927 0.01662544 -0.00000003 0.00000004 1.00000000 0.00000003 -0.00000003 0.00000009 1.00000000 -0.00000000 0.00000112 -0.99999577 0.00000009 0.00000000 1.00000024 0.00000003 0.00000003 -0.00000000 -14.20922279 -1.52288616 -0.63972867 1.00000000
73 "LeftBreastUpper" 62 0.16501515 0.11236762 0.54109955 0.50333738 0.50333726 0.54515654 0.44284034 0.10299928 0.99459136 -0.01339354 -0.00000000 -0.98953152 0.10108836 -0.10299896 0.00000000 -0.10108802 0.02386219 0.99459153 -0.00000000 0.75464344 -0.82492226 -15.05448055 1.00000000
74 "LeftTailRibbon_1_1" 42 0.67252403 -0.00000033 0.00000007 -0.00000012 0.00167363 0.00949021 0.99995357 0.14365643 0.07493971 0.98678613 -0.00000000 0.56178159 0.81471723 -0.14365642 0.00000000 -0.81471753 0.57499564 0.07493965 -0.00000000 10.27290344 -7.81712961 -1.56348586 1.00000000
75 "Liusu_1_1" 43 0.18723282 0.00000003 -0.00000000 0.00000000 -0.00000000 0.00000013 1.00000000 -0.00000000 -0.00000000 1.00000000 -0.00000000 0.00000009 1.00000048 -0.00000000 0.00000000 -1.00000024 -0.00000000 0.00000000 -0.00000000 14.77898788 -0.61604786 0.00000000 1.00000000
76 "RightAnkle" 46 5.20708132 0.00000038 0.00000003 -0.10274066 0.10116269 -0.47345272 0.86893791 -0.08558501 -0.22965604 0.96950150 -0.00000000 -0.75983065 0.64446390 0.08558515 0.00000000 -0.64446443 -0.72933161 -0.22965610 -0.00000000 0.83949959 0.66097814 0.86106569 1.00000000
77 "RightAnkleD" 47 -5.15502548 -0.71132773 0.18283671 0.00000000 0.00000000 0.00000000 1.00000000 -0.00000000 -0.00000000 1.00000000 -0.00000000 0.00000018 -0.99999881 -0.00000000 0.00000000 1.00000036 -0.00000000 0.00000000 -0.00000000 -1.22084749 0.13820525 0.61115831 1.00000000
78 "RightArm" 48 1.12463415 0.00000124 -0.00000001 -0.00739837 -0.01292294 0.21585603 0.97631168 -0.70301074 0.71102583 -0.01478310 -0.00000000 0.02102349 -0.00000000 -0.99977922 0.00000000 -0.71086872 -0.70316625 -0.01494827 -0.00000000 10.05309772 11.72490883 0.27531859 1.00000000
79 "RightBreastLower" 62 -0.75018984 0.03640326 -0.56314999 0.42459580 0.42459592 0.51036465 0.61560112 -0.08936597 0.95616078 0.27887347 -0.00000000 -0.98892522 -0.11849273 0.08936608 0.00000000 0.11849283 -0.26779884 0.95616090 -0.00000000 -2.36481357 4.25246859 -13.31868172 1.00000000
80 "RightBreastTip" 45 0.77932912 -0.01460997 -0.01669057 0.00000003 0.00000004 -1.00000000 0.00000004 -0.00000003 -0.00000009 1.00000000 -0.00000000 -0.00000030 -1.00000119 -0.00000009 0.00000000 1.00000024 -0.00000004 0.00000003 -0.00000000 -14.20922375 -1.52289331 0.63972795 1.00000000
81 "RightBreastUpper" 62 0.16501515 0.11236762 -0.54109955 -0.50317603 -0.50317615 0.54529971 0.44303042 -0.10291889 -0.99460816 -0.01274458 0.00000000 -0.98954087 0.10107581 0.10291892 0.00000000 -0.10107584 0.02320360 -0.99460834 -0.00000000 0.75449675 -0.81501621 15.05502796 1.00000000
82 "RightTailRibbon_1_1" 49 0.67252231 -0.00000028 -0.00000003 0.00000013 -0.00167366 0.00949016 0.99995357 -0.14365642 -0.07493963 0.98678619 -0.00000000 0.56178188 0.81471723 0.14365645 0.00000000 -0.81471741 0.57499582 -0.07493965 -0.00000000 10.27290154 -7.81713200 1.56348574 1.00000000
83 "Skirt_2_0" 50 0.52543718 0.00000024 0.00000000 0.00000000 0.00000000 -0.00000001 1.00000000 0.00000000 -0.00000000 1.00000000 -0.00000000 -0.30627313 0.95194423 -0.00000000 0.00000000 -0.95194429 -0.30627236 0.00000000 -0.00000000 10.49848270 5.48564386 -0.00000005 1.00000000
84 "Skirt_2_1" 51 0.51186347 0.00000018 -0.00000021 -0.00004664 0.00008355 0.00019267 1.00000000 0.22884364 0.29309303 0.92829263 -0.00000000 -0.26967946 0.93536341 -0.22884381 0.00000000 -0.93536335 -0.19797127 0.29309294 -0.00000000 10.27397060 3.77729392 -4.72276211 1.00000000
85 "Skirt_2_10" 52 0.48940027 0.00000013 0.00000024 0.00016451 -0.00031056 0.00033762 0.99999988 -0.41444352 -0.44141239 0.79585916 0.00000000 -0.15860371 0.89614868 0.41444370 0.00000000 -0.89614862 0.04553794 -0.44141224 -0.00000000 9.75103378 0.00643016 7.09642076 1.00000000
86 "Skirt_2_11" 53 0.51186508 -0.00000015 0.00000033 0.00004663 -0.00008354 0.00019292 1.00000000 -0.22884353 -0.29309276 0.92829263 -0.00000000 -0.26967943 0.93536341 0.22884366 0.00000000 -0.93536329 -0.19797137 -0.29309282 -0.00000000 10.27396965 3.77729511 4.72276020 1.00000000
87 "Skirt_2_2" 54 0.48940080 0.00000007 -0.00000018 -0.00016450 0.00031057 0.00033765 0.99999988 0.41444331 0.44141233 0.79585922 -0.00000000 -0.15860364 0.89614874 -0.41444370 0.00000000 -0.89614856 0.04553796 0.44141221 -0.00000000 9.75103378 0.00642974 -7.09642076 1.00000000
88 "Skirt_2_3" 55 0.48705840 0.00000012 0.00000030 -0.00000022 0.00000023 -0.00000005 1.00000000 0.48108634 0.42175585 0.76855576 -0.00000000 -0.00000083 0.87667376 -0.48108658 0.00000000 -0.87667376 0.23144414 0.42175573 -0.00000000 9.55221081 -2.83376074 -6.83363485 1.00000000
89 "Skirt_2_4" 56 0.53276038 -0.00000007 0.00000004 -0.00009140 0.00021875 0.00020515 0.99999994 0.38061565 0.26646692 0.88550949 -0.00000000 0.26533034 0.88585132 -0.38061583 0.00000000 -0.88585097 0.37982148 0.26646686 -0.00000000 9.83914661 -4.87960052 -4.57176542 1.00000000
90 "Skirt_2_5" 57 0.60003877 -0.00000056 0.00000016 -0.00001761 0.00004489 0.00007932 1.00000000 0.19518435 0.12450377 0.97283190 -0.00000000 0.40226558 0.89447570 -0.19518432 0.00000000 -0.89447516 0.42943427 0.12450384 -0.00000000 9.97908592 -5.57310629 -2.24063563 1.00000000
91 "Skirt_2_6" 58 0.63136214 0.00000042 0.00000000 0.00000000 0.00000000 -0.00000080 1.00000000 -0.00000000 -0.00000000 1.00000000 -0.00000000 0.43922067 0.89837980 -0.00000000 0.00000000 -0.89837945 0.43922123 0.00000000 -0.00000000 10.01475525 -5.71740341 0.00000018 1.00000000
92 "Skirt_2_7" 59 0.60003853 0.00000062 0.00000014 0.00001754 -0.00004480 0.00007929 1.00000000 -0.19518417 -0.12450372 0.97283196 -0.00000000 0.40226576 0.89447564 0.19518423 0.00000000 -0.89447516 0.42943448 -0.12450374 -0.00000000 9.97908592 -5.57310772 2.24063444 1.00000000
93 "Skirt_2_8" 60 0.53275764 0.00000002 -0.00000015 0.00009169 -0.00021899 0.00020479 0.99999994 -0.38061577 -0.26646695 0.88550955 -0.00000000 0.26533011 0.88585150 0.38061589 0.00000000 -0.88585114 0.37982136 -0.26646695 -0.00000000 9.83914948 -4.87959862 4.57176781 1.00000000
94 "Skirt_2_9" 61 0.48705932 0.00000000 -0.00000003 0.00000023 -0.00000020 -0.00000004 1.00000000 -0.48108640 -0.42175585 0.76855582 0.00000000 -0.00000082 0.87667388 0.48108658 0.00000000 -0.87667370 0.23144415 -0.42175579 -0.00000000 9.55221081 -2.83376098 6.83363628 1.00000000
95 "_dummy_LeftKneeD" 39 0.00000062 -0.00000003 -0.00000005 -0.01663272 -0.01663280 0.99815983 0.05588987 -0.00000001 -0.00000000 0.99999988 -0.00000000 0.00000068 -1.00000012 -0.00000029 0.00000000 1.00000036 -0.00000002 -0.00000000 -0.00000000 -6.37532043 -0.43882677 -0.79314274 1.00000000
96 "_dummy_RightKneeD" 46 -0.00000070 -0.00000008 0.00000007 0.01646766 0.01646670 0.99736166 0.06875619 0.00000033 -0.00000437 0.99999952 -0.00000000 -0.00000075 -0.99999022 0.00000027 0.00000000 1.00000048 0.00000003 -0.00000000 -0.00000000 -6.37587357 -0.57312083 0.79399484 1.00000000
97 "_shadow_LeftAnkleD" 39 5.20707941 0.00000038 -0.00000005 -0.01663260 -0.01663041 0.99815989 0.05588936 -0.00000059 0.00000949 0.99999857 -0.00000000 -0.00000136 -0.99998295 -0.00000029 0.00000000 1.00000036 -0.00000001 -0.00000001 -0.00000000 -1.20365262 0.13925879 -0.61056376 1.00000000
98 "_shadow_RightAnkleD" 46 5.20708132 0.00000038 0.00000003 0.01646775 0.01646806 0.99736160 0.06875661 -0.00000007 0.00000104 1.00000012 -0.00000000 0.00000101 -1.00000238 0.00000023 0.00000000 1.00000048 -0.00000001 0.00000000 -0.00000000 -1.22084832 0.13820645 0.61115831 1.00000000
99 "Eyes" 67 3.98669243 -0.14203039 -0.00000696 -0.70710671 -0.70710683 0.00000003 0.00000003 0.00000000 -0.00000009 -1.00000000 -0.00000000 -1.00000012 0.00000004 -0.00000000 0.00000000 0.00000000 1.00000024 -0.00000009 -0.00000000 -0.00000004 -21.03178406 0.00000184 1.00000000
100 "LeftArmTwist" 70 1.60211623 -0.00000178 0.00311290 0.00000002 -0.00097150 -0.00000019 0.99999952 0.70304227 0.71102315 0.01332895 -0.00000000 0.01895573 0.00000001 -0.99982071 0.00000000 -0.71089566 0.70316875 -0.01347792 -0.00000000 8.45147228 -11.72494507 0.25452438 1.00000000
101 "LeftArmTwist1" 70 0.50338435 -0.00000143 0.00097806 0.26193377 0.65118599 0.65680337 0.27560261 0.00000003 0.00000006 1.00000012 -0.00000000 -0.00000020 -1.00000024 0.00000018 0.00000000 1.00000036 0.00000003 -0.00000000 -0.00000000 -15.03724003 0.07344738 -1.61911714 1.00000000
102 "LeftArmTwist2" 70 1.22023582 -0.00000214 0.00237092 0.26193380 0.65118599 0.65680337 0.27560258 0.00000000 0.00000006 1.00000012 -0.00000000 -0.00000037 -0.99999988 0.00000023 0.00000000 1.00000012 -0.00000003 0.00000000 -0.00000000 -14.52763081 0.08703660 -2.12309456 1.00000000
103 "LeftArmTwist3" 70 1.93708634 -0.00000178 0.00376376 0.26193386 0.65118599 0.65680343 0.27560261 0.00000006 0.00000005 1.00000012 -0.00000000 -0.00000039 -0.99999988 0.00000016 0.00000000 1.00000012 -0.00000003 0.00000000 -0.00000000 -14.01802444 0.10062494 -2.62707210 1.00000000
104 "LeftBreastLowerTip" 71 0.88302833 0.00000018 -0.00000040 0.42459479 0.42459491 -0.51036537 0.61560190 -0.00000000 -0.00000001 1.00000000 -0.00000000 -0.00000005 -1.00000000 -0.00000002 0.00000000 1.00000024 0.00000003 0.00000000 -0.00000000 -14.25845242 -1.51774859 -0.64206254 1.00000000
105 "LeftEye" 67 0.67677295 0.60798681 0.46358714 -0.69892412 -0.69892430 -0.09894238 0.11498016 0.29903120 -0.02241837 -0.95397991 -0.00000000 -0.95423710 -0.00343095 -0.29903123 0.00000000 0.00343068 0.99974293 -0.02241843 -0.00000000 -0.91512167 -17.70948792 0.61527717 1.00000000
106 "LeftHair_0_1" 67 1.23097241 -1.42592299 1.14597082 -0.09860301 -0.09860290 -0.98375493 0.11305413 0.21629727 0.17170700 0.96111000 -0.00000000 0.20299004 0.95499277 -0.21629745 0.00000000 -0.95499265 0.24188021 0.17170754 -0.00000000 16.94501495 -5.84349775 -3.96184540 1.00000000
107 "LeftLegTipEX" 69 -0.63938010 0.76808077 0.08682996 -0.70701694 -0.70701736 0.01537969 0.00412651 -0.01591237 -0.02758244 -0.99949294 0.00000000 -0.99987316 0.00021954 0.01591236 0.00000000 -0.00021996 0.99961990 -0.02758244 -0.00000000 -0.61751336 -0.54468602 0.72261107 1.00000000
108 "LeftSideHair_0_1" 67 0.53574556 0.47595748 1.07153082 0.06040733 0.06040808 -0.99633759 0.00366255 -0.12081333 -0.11993117 0.98542660 0.00000000 0.00000030 0.99267507 0.12081898 0.00000000 -0.99267608 0.01459653 -0.11993391 -0.00000000 17.58153152 0.48535284 1.12728131 1.00000000
109 "LeftSleeve_0_1" 70 1.61637831 -0.55496353 -0.64248425 -0.51008940 0.69745338 -0.01521995 0.50312632 -0.50814795 -0.15661234 0.84691095 -0.00000000 0.68669450 0.51984274 0.50814837 0.00000000 -0.51984274 0.83978361 -0.15661229 -0.00000000 7.71467686 -11.71577644 0.10372084 1.00000000
110 "LeftTailRibbon_2_1" 74 0.68119889 -0.00000012 -0.00000013 0.00000003 -0.00162826 -0.00923405 0.99995607 0.14546058 0.07760960 0.98631525 -0.00000000 0.54616940 0.82494849 -0.14546058 0.00000000 -0.82494885 0.55985421 0.07760952 -0.00000000 9.72928905 -7.63871002 -1.59494627 1.00000000
111 "LeftToeTip" 68 1.50471485 0.00000012 -0.00000005 -0.08940626 -0.08940627 -0.90038610 0.41631469 0.00000006 -0.00000010 0.99999988 -0.00000000 0.00000098 -1.00000036 -0.00000027 0.00000000 1.00000036 0.00000003 0.00000003 -0.00000000 -0.24458237 -1.01285505 -0.74080992 1.00000000
112 "Liusu_2_1" 75 0.18723203 0.00000003 -0.00000000 -0.00000000 0.00000000 0.00000000 1.00000000 -0.00000000 -0.00000000 1.00000000 -0.00000000 0.00000009 1.00000048 0.00000000 0.00000000 -1.00000024 -0.00000000 0.00000000 -0.00000000 14.59175587 -0.61604786 0.00000000 1.00000000
113 "RightArmTwist" 78 1.60211730 -0.00000095 0.00304802 0.00000008 -0.00095125 -0.00000004 0.99999964 -0.70303756 0.71102571 -0.01344570 -0.00000000 0.01912137 -0.00000015 -0.99981719 0.00000000 -0.71089572 -0.70316619 -0.01359571 -0.00000000 8.45147991 11.72490883 0.25619033 1.00000000
114 "RightArmTwist1" 78 0.50339007 -0.00000024 0.00095770 0.27564240 -0.65682024 -0.65116924 0.26189145 -0.00000012 -0.00000005 1.00000000 -0.00000000 0.00000043 -0.99999952 0.00000005 0.00000000 1.00000000 -0.00000005 0.00000003 -0.00000000 -15.03724098 0.07353251 1.61910987 1.00000000
115 "RightArmTwist2" 78 1.22023284 -0.00000072 0.00232150 0.27564240 -0.65682024 -0.65116924 0.26189142 -0.00000009 -0.00000004 1.00000000 -0.00000000 0.00000039 -0.99999964 0.00000009 0.00000000 1.00000000 0.00000001 0.00000006 -0.00000000 -14.52764034 0.08723868 2.12307715 1.00000000
116 "RightArmTwist3" 78 1.93707502 -0.00000048 0.00368530 0.27564228 -0.65682030 -0.65116924 0.26189139 0.00000009 -0.00000003 1.00000012 -0.00000000 0.00000008 -1.00000000 0.00000008 0.00000000 1.00000024 -0.00000002 -0.00000009 -0.00000000 -14.01804161 0.10094623 2.62704754 1.00000000
117 "RightBreastLowerTip" 79 0.88302821 -0.00000036 -0.00000076 -0.42459580 -0.42459586 -0.51036453 0.61560118 -0.00000003 0.00000010 1.00000000 -0.00000000 0.00000003 -1.00000000 0.00000004 0.00000000 1.00000012 -0.00000001 0.00000000 -0.00000000 -14.25845051 -1.51774800 0.64206272 1.00000000
118 "RightEye" 67 0.67677295 0.60798001 -0.46356061 0.69891495 0.69891512 -0.09859660 0.11538756 -0.29911342 0.02347090 -0.95392883 -0.00000000 -0.95421058 -0.00359303 0.29911354 0.00000000 0.00359290 0.99971825 0.02347093 -0.00000000 -0.91799599 -17.70868492 -0.63380760 1.00000000
119 "RightHair_0_1" 67 1.23097241 -1.42592299 -1.14598465 0.09860301 0.09860290 -0.98375493 0.11305413 -0.21629727 -0.17170700 0.96111000 -0.00000000 0.20299004 0.95499277 0.21629745 0.00000000 -0.95499265 0.24188021 -0.17170754 -0.00000000 16.94501495 -5.84349775 3.96184540 1.00000000
120 "RightLegTipEX" 77 -0.64792025 0.76389813 -0.08604419 0.65747184 0.65747076 0.26635608 0.25400290 0.01624441 0.68424201 -0.72907394 -0.00000000 -0.99984586 0.00642974 -0.01624296 0.00000000 -0.00642645 0.72922665 0.68424237 -0.00000000 -0.61058980 0.06328452 -0.91049635 1.00000000
121 "RightSideHair_0_1" 67 0.59055704 0.54483813 -0.97026062 -0.04357759 -0.04357794 -0.99809736 0.00190266 0.08715454 0.08682423 0.99241918 -0.00000000 0.00000007 0.99619478 -0.08715723 0.00000000 -0.99619532 0.00759615 0.08682554 -0.00000000 17.65310860 0.63453376 -0.62819177 1.00000000
122 "RightSleeve_0_1" 78 1.61647201 0.55495274 -0.64228088 -0.50316989 -0.01525143 0.69742084 0.51008993 0.50814825 0.15661258 0.84691077 -0.00000000 0.68669373 0.51984340 -0.50814825 0.00000000 -0.51984334 0.83978295 0.15661262 -0.00000000 7.71468925 -11.71576786 -0.10372473 1.00000000
123 "RightTailRibbon_2_1" 82 0.68119818 -0.00000012 0.00000010 -0.00000002 0.00162825 -0.00923411 0.99995613 -0.14546055 -0.07760954 0.98631543 -0.00000000 0.54616964 0.82494867 0.14546059 0.00000000 -0.82494879 0.55985433 -0.07760952 -0.00000000 9.72928715 -7.63871241 1.59494603 1.00000000
124 "RightToeTip" 76 1.50526619 0.00000015 0.00000005 0.08731899 0.08731903 -0.90255612 0.41248429 -0.00000012 0.00000006 0.99999988 -0.00000000 0.00000113 -1.00000036 0.00000024 0.00000000 1.00000048 0.00000006 0.00000004 -0.00000000 -0.25075790 -1.00554025 0.73998666 1.00000000
125 "Skirt_3_0" 83 0.52543694 0.00000000 0.00000000 0.00000000 0.00000000 0.00000001 1.00000000 0.00000000 -0.00000000 1.00000000 -0.00000000 -0.30627313 0.95194423 -0.00000000 0.00000000 -0.95194429 -0.30627236 0.00000000 -0.00000000 9.97304535 5.48564339 -0.00000005 1.00000000
126 "Skirt_3_1" 84 0.51195937 0.00000033 -0.00000015 -0.00002958 0.00005070 0.00011271 1.00000000 0.22881557 0.29298648 0.92833322 -0.00000000 -0.26944545 0.93543774 -0.22881581 0.00000000 -0.93543762 -0.19777778 0.29298636 -0.00000000 9.76334000 3.77537179 -4.72154856 1.00000000
127 "Skirt_3_10" 85 0.48963004 0.00000013 -0.00000006 0.00010345 -0.00018654 0.00019337 0.99999994 -0.41431722 -0.44108748 0.79610509 0.00000000 -0.15810254 0.89629567 0.41431740 0.00000000 -0.89629561 0.04579329 -0.44108734 -0.00000000 9.26405144 0.00431526 7.09296417 1.00000000
128 "Skirt_3_11" 86 0.51195824 0.00000000 -0.00000042 0.00002953 -0.00005076 0.00011313 1.00000000 -0.22881563 -0.29298615 0.92833322 -0.00000000 -0.26944453 0.93543786 0.22881578 0.00000000 -0.93543786 -0.19777700 -0.29298615 -0.00000000 9.76334476 3.77536511 4.72154617 1.00000000
129 "Skirt_3_2" 87 0.48963133 -0.00000017 0.00000042 -0.00010343 0.00018645 0.00019322 0.99999994 0.41431695 0.44108748 0.79610497 -0.00000000 -0.15810277 0.89629561 -0.41431731 0.00000000 -0.89629537 0.04579300 0.44108739 -0.00000000 9.26404953 0.00431770 -7.09296417 1.00000000
130 "Skirt_3_3" 88 0.48705804 0.00000048 0.00000066 0.00000103 -0.00000081 0.00000071 1.00000000 0.48108819 0.42175677 0.76855415 -0.00000000 -0.00000037 0.87667274 -0.48108837 0.00000000 -0.87667274 0.23144624 0.42175671 -0.00000000 9.06513786 -2.83378792 -6.83364391 1.00000000
131 "Skirt_3_4" 89 0.53314757 0.00000013 0.00000044 -0.00005857 0.00013106 0.00011040 1.00000000 0.38044241 0.26627919 0.88564050 -0.00000000 0.26562575 0.88583738 -0.38044253 0.00000000 -0.88583702 0.37998590 0.26627922 -0.00000000 9.30612183 -4.88111973 -4.56989813 1.00000000
132 "Skirt_3_5" 90 0.60024506 -0.00000021 0.00000031 -0.00001124 0.00002682 0.00004214 1.00000000 0.19514266 0.12446547 0.97284520 -0.00000000 0.40235144 0.89444613 -0.19514263 0.00000000 -0.89444560 0.42950684 0.12446552 -0.00000000 9.37849045 -5.57384634 -2.24025750 1.00000000
133 "Skirt_3_6" 91 0.63136286 0.00000036 0.00000000 0.00000000 0.00000000 0.00000038 1.00000000 -0.00000000 -0.00000000 1.00000000 -0.00000000 0.43922135 0.89837945 -0.00000000 0.00000000 -0.89837909 0.43922192 0.00000000 -0.00000000 9.38338757 -5.71741009 0.00000018 1.00000000
134 "Skirt_3_7" 92 0.60024500 0.00000119 0.00000012 0.00001122 -0.00002676 0.00004202 1.00000000 -0.19514257 -0.12446549 0.97284520 -0.00000000 0.40235138 0.89444619 0.19514263 0.00000000 -0.89444572 0.42950684 -0.12446549 -0.00000000 9.37849140 -5.57384586 2.24025726 1.00000000
135 "Skirt_3_8" 93 0.53314859 0.00000114 0.00000015 0.00005849 -0.00013101 0.00011052 1.00000000 -0.38044265 -0.26627925 0.88564038 -0.00000000 0.26562569 0.88583714 0.38044271 0.00000000 -0.88583702 0.37998599 -0.26627934 -0.00000000 9.30612183 -4.88112068 4.56990051 1.00000000
136 "Skirt_3_9" 94 0.48705816 0.00000012 0.00000003 -0.00000106 0.00000076 0.00000075 1.00000000 -0.48108816 -0.42175671 0.76855415 -0.00000000 -0.00000025 0.87667280 0.48108840 0.00000000 -0.87667274 0.23144633 -0.42175663 -0.00000000 9.06513786 -2.83378839 6.83364296 1.00000000
137 "Tongue1" 67 -0.00349060 1.10991848 0.00000093 -0.00000000 -0.00000000 -0.00000000 1.00000000 -0.00000000 -0.00000000 1.00000000 -0.00000000 0.00000004 -1.00000012 -0.00000000 0.00000000 1.00000024 0.00000000 0.00000000 -0.00000000 -17.04160309 -1.25194907 -0.00000789 1.00000000
138 "Tongue2" 67 0.07273087 1.11016393 0.00000109 -0.00000000 -0.00000000 -0.00000000 1.00000000 -0.00000000 -0.00000000 1.00000000 -0.00000000 0.00000004 -1.00000012 -0.00000000 0.00000000 1.00000024 -0.00000000 0.00000000 -0.00000000 -17.11782455 -1.25219452 -0.00000805 1.00000000
139 "_dummy_LeftAnkleD" 68 0.00000008 0.00000019 -0.00000014 -0.08940621 -0.08940629 -0.90038615 0.41631463 0.00000003 -0.00000001 1.00000000 -0.00000000 0.00000107 -1.00000036 -0.00000022 0.00000000 1.00000036 0.00000006 0.00000003 -0.00000000 -1.20365310 0.13926692 -0.61056471 1.00000000
